0.1
0.25
0.0
0.0
0.575
0.0
-0.18181818181818182
0.0
0.13636363636363635
0.0
0.0
0.0
0.0
0.0
-0.6
0.175
0.0
-0.5
0.0
0.0
0.0
0.0
0.175
0.0
0.2
-0.5
0.08214285714285713
0.11666666666666665
0.0
-0.02121212121212122
-0.05714285714285716
0.15000000000000002
0.07999999999999999
0.25
0.1283333333333333
0.0
-0.6
0.7375
-0.032380952380952385
0.0
0.0
0.0
0.0
0.175
0.175
-0.4
0.0
-0.6
0.0
0.3
0.3666666666666667
-0.5
0.0
0.0
0.0
0.7
0.0
0.0
0.0
0.0
0.0
0.15833333333333333
0.0
0.6
0.7375
-0.15555555555555559
0.0
0.5
-0.033333333333333326
0.17407407407407405
0.0
0.075
-0.008333333333333331
0.0
0.14583333333333334
0.0
-0.008333333333333331
0.0
0.0
0.0031250000000000028
0.0
0.0
0.09318181818181817
0.09318181818181817
0.2432900432900433
0.7
0.0
0.0
0.1
-0.2
0.0035714285714285657
-0.125
0.0
0.0
0.0
0.03333333333333333
-0.19444444444444448
-0.2
0.08333333333333333
1.0
-0.07589285714285715
0.2857142857142857
-0.4125
-0.00833333333333334
0.13636363636363635
0.30416666666666664
0.0
0.4
0.2
0.0
0.4
0.375
-0.40138888888888885
0.275
0.35833333333333334
0.2
0.0
-0.3277777777777778
0.2
0.0
-0.234375
-0.11458333333333334
-0.15625
0.3327380952380953
0.125
-0.125
0.0
0.0
0.0
0.05000000000000001
-0.5
0.0
-0.041666666666666664
0.0
-0.05
0.09409090909090909
0.09409090909090909
0.09409090909090909
0.0
-0.3
-0.75
0.13636363636363635
0.25
0.5
0.0
0.0
0.5
-0.07978515625
0.0
0.0
0.5
0.0
0.0
0.0
0.625
0.0
0.0
0.0
0.0
-0.8
0.0
0.0
0.0
0.0
0.5
0.31666666666666665
0.07
0.032142857142857154
-0.13125
-0.4
0.11875000000000002
0.01346153846153847
0.13636363636363635
0.6
0.0
-0.25
0.0
0.0
0.0
-0.3499999999999999
0.0
0.0
-0.590625
0.03645833333333333
0.0
0.1
0.0
0.0
0.0
0.0
-0.375
0.0
0.27927272727272723
0.0
0.0
-0.30000000000000004
-0.4851851851851852
-0.725
0.16666666666666666
-0.2
0.3
0.5
0.0
0.25
0.0
0.0
0.6
-0.2
0.0
0.475
0.0
-0.125
0.0
-0.8
0.06666666666666665
0.125
0.25
0.0
0.6
-0.16666666666666666
0.0
0.1909722222222222
-0.3499999999999999
0.0
0.0
0.0
0.0
-0.06666666666666667
-0.6
0.0
0.0
0.5
0.0
0.2
0.0
0.0
0.0
0.2
-0.06666666666666667
0.07333333333333333
0.16875
-0.2833333333333334
0.0
-0.15000000000000002
0.06907848011363636
0.25416666666666665
0.13636363636363635
-0.1
-0.4
0.0
0.21428571428571427
0.0
-0.09999999999999999
0.0
0.5
0.1
-0.5
0.0
0.0
0.06666666666666667
0.0
0.09318181818181817
0.4166666666666667
0.0
-0.6
-0.19999999999999998
0.0
0.3181818181818182
-0.4
0.0
0.0
0.25
0.0
0.0
0.0
-0.3125
0.0
0.9
0.06818181818181818
0.0
0.2
-0.15000000000000002
-0.1409090909090909
0.25
0.4375
0.0
0.0
0.05625000000000001
0.0
0.0
-0.06666666666666667
0.2857142857142857
0.15000000000000002
-0.20000000000000004
0.0
0.0
0.0
0.4
-0.15185185185185185
-0.275
-0.19444444444444448
0.0
-0.8
0.0
0.0
0.25
0.0
-0.2
-0.34895833333333337
0.25
0.1
0.0
0.0
0.1699074074074074
0.35
-0.3875
-0.43333333333333335
0.0
0.0
0.0
0.0
0.0
0.0
0.0
0.0
-0.325
0.2857142857142857
0.0
-0.5
0.016666666666666663
-0.06666666666666667
0.75
-0.5
-0.5
0.0
0.0
-0.1875
0.20162337662337662
-0.04999999999999999
0.06818181818181818
0.4
0.14102564102564102
-0.4
0.0
-0.06666666666666667
0.0
0.0
-0.25
0.0
0.0
0.0
0.8
-0.025000000000000005
-0.09999999999999998
0.0
0.2361111111111111
-0.4125
0.0
0.0
0.2722222222222222
0.4125
-0.625
0.0
0.0
-0.05
-0.04999999999999999
0.0
-0.5
0.09999999999999998
0.0
-0.012499999999999997
0.0
-0.06666666666666667
0.0
-0.02500000000000001
0.0046875
0.0
0.17500000000000002
0.5
0.0
0.0
0.06
0.0
0.0
0.0
0.08
-0.05
-0.3499999999999999
0.0
0.0
-0.20000000000000004
0.32
-0.07777777777777779
0.0
0.0
-0.16666666666666666
0.10488888888888889
-0.3
0.0
0.7
0.0
0.20393939393939392
0.0
0.3375
0.0
-0.06666666666666667
0.0
0.0
-0.25
0.2
0.0
0.2
0.0
-0.1
0.39999999999999997
0.0
-0.1
0.0
0.0
0.0
0.0
-0.5
-0.07306397306397308
0.0
-0.4
-0.31354166666666666
-0.09375000000000003
0.1357142857142857
0.023611111111111104
0.31142857142857144
-0.3333333333333333
0.8
0.08333333333333333
0.23611111111111113
0.0
0.0
-1.0
0.0
-0.175
0.0
0.0
0.3181818181818182
0.0
0.1
-0.75
-0.15625
-0.09166666666666667
-0.3
0.78
0.0
0.0
0.0
-1.0
0.15378787878787878
0.078125
-0.4
0.5
0.04289930555555556
0.0
-0.5
0.07500000000000001
-0.2375
0.13636363636363635
0.10714285714285714
-0.18383838383838383
0.0
-0.10000000000000003
0.0
0.0
0.0
0.20833333333333334
0.0
-0.25
1.0
0.0
-0.225
-0.20416666666666666
0.1
0.06000000000000001
0.0
0.0
0.0
0.0
0.0
0.0
-0.30000000000000004
0.0
-0.06666666666666665
0.18333333333333335
0.0
0.0
0.7375
0.0
0.0
-0.23000000000000004
0.0
0.08816161616161615
-0.25
0.35
-0.1
0.0
0.0
0.0
-0.45
-0.45
0.0
0.0
0.0
0.0
0.0
0.0
0.13636363636363635
0.47857142857142854
-0.3277777777777778
-0.10714285714285715
0.0
-0.15555555555555559
0.2
-0.15555555555555559
0.2
0.13636363636363635
-0.125
0.3333333333333333
0.0
0.0
0.0
0.0
-0.1
0.0
0.0
0.0
0.13636363636363635
0.4
-0.25
-0.3499999999999999
-0.09375
0.0
-0.1277777777777778
-0.08333333333333333
0.0
-0.22499999999999992
0.3333333333333333
0.43333333333333335
0.225
0.0
0.0
0.5
0.0
0.0
0.05238095238095238
0.0
0.25
0.4
-0.4
0.0
0.0
0.0
0.0
-0.8
0.0
0.08579545454545455
-0.05
0.2
0.0
0.0
-0.325
0.0
0.042857142857142864
-0.4
0.5
0.0
0.0
0.0
0.0
0.3833333333333333
0.225
0.0
0.0
0.6222222222222222
0.0
-1.0
1.0
0.13533333333333333
0.07407407407407407
-0.4
-0.15555555555555559
-0.3
0.0
0.5
0.0
0.0
0.0
0.2
0.1
-0.11333333333333329
0.0
0.0
0.3333333333333333
0.0
0.1
0.1875
0.0
0.5
0.0
-0.25
0.0
0.0
0.0
0.17023809523809522
0.0
0.0
0.0
0.0
0.0
0.25
-0.19444444444444448
0.0
0.6
-0.3
0.13636363636363635
-0.8
0.26666666666666666
1.0
0.3
0.3333333333333333
0.2
0.0
-0.6
0.0
0.0
0.2333333333333333
-0.4
0.0
0.0
0.0
-0.39999999999999997
0.0
0.375
-0.3499999999999999
-0.2
0.09999999999999999
0.0
-0.6
0.0
0.0
0.0
0.26857142857142857
0.0
0.125
0.0
-0.14107142857142857
0.0
0.8
0.0
0.36250000000000004
0.4454545454545455
-0.3499999999999999
0.0
0.0
0.0
0.0
-0.3499999999999999
0.0
0.1
0.08333333333333333
-0.5
0.44000000000000006
0.75
0.0
0.0
0.0
0.16666666666666666
-0.3499999999999999
0.0
0.19444444444444445
0.5
0.0
0.0
0.0
0.375
-0.26923076923076916
0.0
0.08333333333333333
0.0
0.0
0.0
-0.11625
-0.15555555555555559
0.0
-0.244140625
-0.5333333333333333
0.16642857142857143
-0.85
0.3547619047619048
0.4166666666666667
0.18181818181818182
0.0
0.0
0.0
0.0
0.0
0.0
0.35000000000000003
0.0
-0.4
-0.5
-0.7083333333333334
0.008333333333333331
0.0
0.0
-0.21666666666666665
0.7
0.0
0.1
0.35
-0.15555555555555559
0.35
0.0
-0.5
0.04545454545454545
0.0
0.8125
0.0
-1.0
0.0
0.5
-0.325
0.4
-0.01893939393939394
0.0
0.0
0.0
-0.15625
-0.24374999999999994
0.0
0.06818181818181818
0.5
-0.3499999999999999
0.0
0.25
0.25
0.35000000000000003
-0.5
0.10625000000000001
0.0
-0.2
0.0
-0.30000000000000004
0.5633333333333334
0.0
0.0
-0.075
0.0
0.7
0.0
-0.16666666666666666
-0.3333333333333333
0.13636363636363635
0.0
0.2
0.35
0.0
0.05555555555555556
0.14523809523809525
-0.15
0.5
0.1375
-0.16666666666666666
0.11666666666666668
0.2
0.0
0.25
0.0
0.0
-0.007407407407407436
0.0
0.0
0.0
0.40714285714285714
-0.0625
0.0
0.05555555555555555
0.0
0.8
0.0
0.0
0.0
0.0
0.0
0.0
0.3181818181818182
0.0
0.0
0.0
-0.15555555555555559
0.669140625
0.0
-0.5333333333333333
0.0
0.0
0.0
-0.19444444444444448
0.0
-0.7
0.0
0.0
0.0
0.0
0.30000000000000004
0.0
0.0
0.2944155844155844
0.0
0.0
0.5859375
0.06874999999999999
0.06874999999999999
0.5
0.3181818181818182
-0.19444444444444448
-0.21666666666666667
0.0
-0.19444444444444448
0.0
0.0
0.45
-0.5
0.0
0.0
0.13636363636363635
0.0
0.0
0.0
0.44285714285714284
0.0
0.0
-0.26666666666666666
0.0
0.0
-0.3
0.0
0.0
0.03313492063492064
0.2
0.0
0.25
0.0
0.1875
0.0
0.0
0.6
0.0
-0.14999999999999994
0.44999999999999996
0.14814814814814814
0.0
0.0
0.0
0.0
-0.07777777777777779
-0.15555555555555559
0.2
0.0
0.0
0.0
0.0
0.0
0.0
0.0
0.0
0.0
0.0
0.0
-0.4
0.4375
-0.016666666666666663
-0.2
-0.1375
1.0
0.0
-0.05000000000000001
0.4080357142857143
0.0
-0.05
0.0
0.0
-0.06666666666666661
0.0
-0.125
0.8
0.0
0.0
1.0
0.0
0.03333333333333333
0.5
0.0
0.0
0.0
0.775
-0.018518518518518528
0.24500000000000002
0.13636363636363635
0.22142857142857142
-0.6
0.2
0.0
0.0625
0.325
0.3
0.0
0.0
0.2
0.0
0.6
-1.0
0.0
0.3375
0.06964285714285713
0.0
0.0
-0.43333333333333324
-1.0
0.13636363636363635
0.1375
0.0
-0.06250000000000006
0.0
0.0
0.0
0.475
0.0
0.0
0.012121212121212125
-0.2
-0.25625
0.0
0.0
0.0
0.0
0.13636363636363635
0.29166666666666663
-0.12499999999999997
-0.5
-0.30000000000000004
0.13636363636363635
0.0
0.55
1.0
0.0
0.5
0.0
0.0
0.2
-0.19444444444444448
0.0
0.7375
0.5
0.0
0.0
-0.0125
0.0
0.0
0.0
0.0
0.0
0.11249999999999999
0.0
0.5
0.0
0.0
0.3
-0.1
-0.3
-0.125
0.0
0.0
0.19999999999999998
0.0
0.0
0.0
0.0
0.25
0.0
0.0
0.04999999999999999
0.24000000000000005
-0.1795138888888889
0.0
0.375
-0.44999999999999996
0.15833333333333333
0.0
0.6
0.0
0.0
0.13333333333333333
0.0
0.625
0.1496598639455782
0.2
0.5
0.0
0.0
-0.2916666666666667
0.1
0.0
0.0
0.0
0.625
0.0
0.0
0.0
0.0
0.2166666666666667
0.012499999999999997
0.0
0.4666666666666666
0.0
0.13636363636363635
0.0
0.0
-0.6
0.0
0.0
0.0
-0.4114583333333333
0.0
0.0
0.0
-0.5
0.0
0.0
0.0
0.175
0.6
-0.16666666666666666
0.6
0.6
0.0
0.6
0.6
0.6
0.0
0.6
0.6
0.6
0.6
0.1375
0.6
0.12592592592592594
0.0
0.25
-0.3
0.0
0.2
0.0
0.3333333333333333
-0.05
0.0
-1.0
0.0
0.8
0.21428571428571427
0.0
0.12000000000000002
0.0
0.4
0.0
0.0
0.0
0.0
0.0
0.0
-0.25
0.4464285714285714
0.175
0.0
0.0
-0.26666666666666666
0.04999999999999999
0.0
0.0
-0.1875
0.0
0.14285714285714285
0.390625
0.0
0.0
0.25
0.0
0.375
0.0
0.5
0.21005291005291005
-0.05
0.0
0.0
0.0
0.08222222222222221
0.0
0.0
0.0
0.0
0.0
0.0
-0.05
0.0
-0.024999999999999994
0.8
0.5208333333333334
0.0
-0.25
0.0
0.1
0.13636363636363635
-0.5
0.0
-0.5
0.15
-0.07777777777777779
0.06818181818181818
0.0
0.0
0.4
0.6125
0.25
0.0
0.2
0.0
-0.45
0.0
-0.10476190476190476
0.1340909090909091
0.0
0.13
0.0
0.0
0.3
0.25
0.13636363636363635
0.0
-0.2916666666666667
0.30000000000000004
0.5
0.0
0.0
-0.1857142857142857
0.05
0.17500000000000002
0.0
0.0
0.27499999999999997
0.0
-0.1
0.46875
-0.325
-0.21944444444444444
0.0
0.01666666666666669
0.059999999999999984
0.1
-0.0785714285714286
0.21388888888888888
0.0
0.0
-0.04999999999999999
0.16666666666666666
0.225
-0.1277777777777778
0.0
0.0
-0.1277777777777778
0.13636363636363635
0.8
0.0
0.0
0.5
-0.45
-0.625
0.215625
-0.4
0.0
0.0
0.0
-0.6
0.0
0.0
0.0
0.20833333333333334
0.1
-0.08333333333333333
0.0
0.5
0.5125
0.0
0.65
-0.5
1.0
-1.0
-0.09999999999999996
0.0
0.16
0.0007142857142857062
0.13636363636363635
-0.5
-0.15000000000000002
0.6
-0.074
-0.05
0.0
-1.0
0.0
0.0
0.0
0.25
0.244140625
0.0
0.0
0.07500000000000001
-0.19444444444444448
0.0
0.5
0.0
0.0
0.0
-0.1
0.0
0.0
0.0
-0.029166666666666674
-0.35277777777777786
0.0
-0.25
0.02727272727272727
0.0
0.0
0.0
0.375
0.0
0.0
0.0
0.0
0.0
0.0
0.13636363636363635
0.0
0.0
0.0
0.0
0.24318181818181817
0.0
0.0
0.0
0.0
0.0
0.0
0.0
0.0
0.0
0.03836805555555556
0.0
0.0
0.0
0.0
-0.26666666666666666
0.0
0.0
0.13636363636363635
-0.19444444444444448
0.0
0.0
0.0
0.0
0.0
0.0
0.25
0.0
-0.19444444444444448
0.0
0.0
0.0
0.0
0.0
0.0
0.0
0.0
0.0
-0.19444444444444448
0.0
0.2
0.0
0.0
0.2
0.0
0.0
0.0
0.0
0.0
0.03809523809523809
0.0
0.0
0.0
-0.19444444444444448
0.6
0.0
0.0
0.0
0.0
0.0
0.0
0.0
-1.0
0.0
0.0
-0.25
0.13636363636363635
-0.25
-1.0
0.0
-0.26666666666666666
0.0
0.7375
0.0
-0.25625
0.0
0.0
0.0
0.0
0.0
0.3
0.0
0.0
0.0
0.0
-0.4981481481481482
0.0
0.0
0.5
0.08333333333333333
-0.2440340909090909
-0.24
-1.0
0.0
0.0
0.0
0.0
0.0
0.0
0.44999999999999996
-0.25
0.7500000000000001
0.0
0.4166666666666667
-0.8
0.5
1.0
0.0
0.0
0.10416666666666667
0.8
0.0
0.39375
-0.16666666666666666
0.0
0.0
0.0
0.0
0.09999999999999998
0.7375
0.0
0.0
0.2375
-0.2
-0.2
-0.43125
0.125
0.0
0.0
-0.325
0.13636363636363635
0.1
0.2
0.0
0.0
-0.2525
0.17142857142857143
0.75
0.141796875
-0.15555555555555559
-0.7
0.0
0.0
0.18333333333333335
0.13636363636363635
0.0
0.0
0.40714285714285714
0.2
0.0
0.0
-0.27999999999999997
0.0
0.0
0.6
0.0
-0.4
-0.2
-0.1
0.6
-0.0625
-0.1
0.0
-0.3499999999999999
0.3
-0.05
-0.6
0.07878787878787878
0.16666666666666669
0.0
0.6
0.11212121212121212
0.0
0.8
0.18125000000000002
0.0
0.0
0.0
-0.15625
0.0
0.05
0.0
0.0
0.0
0.3
0.35
0.0
-0.2
0.6
0.0
0.0
0.0
0.75
0.0
0.0
-1.0
0.6
0.5
0.5
0.0
0.0
0.3625
0.0
0.0
0.65
0.31212121212121213
0.0
0.0
0.0
0.4
-0.7142857142857143
0.0
-0.3
0.0
0.0
0.1
0.0
0.0
0.0
0.6
0.0
0.0
-1.0
0.0
-0.5
-0.4
-0.18
0.725
-0.07638888888888891
-0.2875
0.0
-0.09999999999999998
0.2
-0.3545454545454545
0.0
0.0
0.13636363636363635
0.0
0.375
0.27499999999999997
0.0
0.0
0.0
-0.1
0.0
-0.625
0.4
0.0
0.0
0.0
0.35
-0.8416666666666667
0.3
0.0
-0.6
0.0
0.0
-0.0625
0.15000000000000002
0.0
0.0
0.5
0.0
0.0
0.0
0.0
0.0
-0.45
0.0
0.0
-0.5
0.38
0.25
0.25
0.25
0.25
-0.13273809523809524
0.25
0.25
0.023809523809523826
0.375
0.25
0.1
0.034375
0.0
0.6
0.6975446428571428
0.19999999999999998
0.0
0.0
0.0
-0.075
0.0
0.0
0.425
0.275
0.2857142857142857
-0.7142857142857143
0.018181818181818174
-0.3333333333333333
0.0
-1.0
0.0
-0.6
0.0
-0.16666666666666666
0.0
0.0
0.0
0.0
1.0
0.0
0.0
0.06818181818181818
0.40714285714285714
0.0
-0.05681818181818182
0.0
0.0
0.0
0.0
0.0
0.0
0.0
0.0
-0.25
0.25
-0.45572916666666674
0.5666666666666668
-0.15625
0.0
0.6
0.0
0.0
0.0
-0.03787878787878788
0.0
0.1875
0.0
0.0
0.26666666666666666
0.0
0.0
0.0
0.0
0.3
-0.03333333333333333
0.16
0.0
0.0
0.3333333333333333
0.0
0.0
-0.25
0.23392857142857143
-1.0
0.0
0.0
0.4
0.25
-0.4
-0.05000000000000001
0.2333333333333333
0.0
0.0
0.0
-0.21428571428571427
0.40714285714285714
0.2
0.25
0.0
0.0
0.0
0.413095238095238
0.02500000000000001
-0.2
0.06
-0.22083333333333335
0.0
0.09999999999999998
0.7
-0.6
1.0
0.2333333333333333
0.0
0.16
0.0
0.0
-0.8
0.0
0.0
-0.4375
0.0
-0.15555555555555559
0.0
0.5
-0.0625
0.3
0.25
-0.2
-0.45555555555555555
-0.15
0.0
0.0
0.0
0.25
0.0
0.0
0.075
-0.7142857142857143
0.4
0.0
0.0
-0.16666666666666666
-0.05
0.0
0.5
0.15000000000000002
0.0
-0.4
0.0
0.0
0.0
0.5
0.0
-0.1
0.0
-0.15
-0.2878787878787879
0.06666666666666667
-0.23333333333333336
0.05
0.01666666666666672
-0.2916666666666667
0.25
-0.10416666666666667
-0.35833333333333334
-0.21
0.1
0.425
0.2
0.0
0.0
0.0
0.0
0.1
-0.4
-0.3499999999999999
-0.0005050505050505194
0.0
0.0
-0.275
0.0
-0.05902777777777777
-0.39285714285714285
0.0
0.2857142857142857
0.0
0.0
0.07878787878787881
-0.2591111111111111
-0.2
0.0
-0.05681818181818182
0.0
0.4
0.2
0.41666666666666663
0.0
0.0
-0.18181818181818182
0.0
-0.4
0.0
-0.325
0.25
0.0
0.13636363636363635
0.5
0.0
0.78125
0.0
0.0
0.0
0.0
0.023809523809523798
-1.0
0.0
0.0
0.0
-0.2
0.0
0.0
0.0
0.5
0.0
0.0
0.4166666666666667
0.55
-0.35
0.0
0.25
-0.08806818181818182
0.5
-0.0625
-0.09999999999999998
0.0
0.04999999999999999
-0.15000000000000002
0.0
0.0
0.0
-0.5499999999999999
0.3
0.0
0.0
0.0
0.022222222222222213
0.0
0.0
0.26666666666666666
0.17333333333333334
1.0
0.6103515625
0.3333333333333333
0.15
0.0
0.3166666666666667
0.45
-0.2916666666666667
-0.3285714285714285
0.0
0.20000000000000004
0.13636363636363635
0.0
0.4106666666666666
0.22443181818181818
0.0
-0.03177083333333333
0.5
0.13636363636363635
-0.23061224489795923
0.08484848484848484
0.5
-0.25
-1.0
0.06818181818181818
0.0
0.0
-0.15
0.0
-0.125
0.0
-0.9
-0.15555555555555559
-0.04999999999999999
0.3
0.0
0.47500000000000003
-0.16666666666666666
0.13636363636363635
0.0
0.0
-0.125
-0.16666666666666666
0.13636363636363635
0.5
0.0
0.0
0.0
0.0
0.0
0.0
-0.2
0.0
0.0
0.0
0.0
0.0
-0.15555555555555559
0.0
0.13636363636363635
0.08000000000000002
0.2
0.0
0.0
-0.18333333333333335
0.5
0.0
0.4
0.0
0.2857142857142857
-0.16666666666666666
0.18333333333333335
-0.4
0.0
0.0
0.22777777777777777
0.0
0.0
0.0
0.0
0.0
0.30999999999999994
0.0
0.18333333333333335
0.1
0.0
0.0
0.0
0.037500000000000006
0.0
0.3
0.5
-0.07676767676767678
0.0
0.209375
0.0
0.0
0.25
-0.7
0.0
0.0
0.26
0.0
0.25
0.6
0.0
0.0619047619047619
0.0
0.24454545454545454
-0.24000000000000005
0.45
0.078125
-0.04999999999999999
0.0
0.13636363636363635
-0.10000000000000005
0.0
0.019999999999999997
0.0
0.0
0.3375
0.0
0.17045454545454544
0.18888888888888888
0.45833333333333337
0.0
0.0
-0.32857142857142857
-0.012500000000000025
0.15
0.0
0.0
-0.26666666666666666
0.0
0.0
0.0
0.0
0.3162878787878788
0.5
0.0
0.0
0.0
-0.43333333333333335
-1.0
0.13636363636363635
0.2222222222222222
1.0
0.6
0.2
0.625
-0.19999999999999998
0.0
-0.4
0.22000000000000003
0.0
0.0
0.0
0.4787878787878788
0.0
0.0
0.0
-0.11666666666666665
0.26666666666666666
0.4000000000000001
0.0
0.0
0.5
0.6604166666666667
0.25
-0.16666666666666666
0.6000000000000001
0.39074074074074067
0.5
0.0
0.0
-0.07142857142857142
0.16818181818181818
0.7
0.06666666666666665
0.0
-0.2
0.0
0.0
0.25
-0.16666666666666666
0.5437500000000001
-0.058712121212121215
-0.4
0.5
-0.4041666666666666
-0.125
0.25
-0.8
-0.05
0.0
0.0
0.0
0.0
0.0
-0.05681818181818182
0.0
-0.5
-0.08767857142857141
-0.125
0.0022222222222222088
0.0
0.0
0.0
0.0
0.0
0.029365079365079344
0.0
0.0
0.0
0.0
-0.07500000000000001
0.35
-0.25
0.0
-0.09999999999999998
0.041666666666666664
-0.25
0.7
0.0
0.0
0.5
0.0
0.0
-0.04999999999999999
-0.08333333333333333
0.25
0.0
-0.3
0.2333333333333333
0.10888888888888888
-0.1
0.03843537414965988
-0.6999999999999998
0.1875
0.26666666666666666
0.2
-0.15555555555555559
0.1
-0.5
0.5
-0.175
0.0
0.0
0.0
-0.625
0.225
0.35
-0.28750000000000003
-0.28750000000000003
-0.02777777777777779
-0.21666666666666665
-0.049999999999999996
0.0
0.0
-0.5
0.2
-0.3333333333333333
0.1
0.0
0.375
0.6
0.2425
0.0
0.0
0.0
0.13636363636363635
0.0
0.0
0.0
-0.1
0.060416666666666674
0.0
-0.3119047619047619
0.0
0.09523809523809523
0.4333333333333333
-0.125
-0.20063920454545456
0.19999999999999998
0.25
0.0
0.8
0.11666666666666665
0.0
0.33999999999999997
0.7
0.46875
0.13636363636363635
0.13636363636363635
0.0
-0.020833333333333332
-0.34375
0.0
0.010732323232323223
0.6
0.25
0.0
0.0
0.0
0.09523809523809523
0.35
0.32285714285714284
0.0
0.0
-0.375
0.5
-0.5125
0.13124999999999998
0.5
0.0
0.0
0.0
-0.7000000000000001
0.0
0.2
-0.03888888888888889
0.41818181818181815
0.0
0.0
0.0
0.0
0.0
-0.10833333333333334
0.0
0.0
0.0
-0.15000000000000002
0.40714285714285714
0.5
-0.6
0.0
0.0
0.1
0.0
0.0
-0.1315340909090909
-0.12166666666666659
-0.5
0.0
-0.012500000000000011
0.2
0.0
-0.45
0.0
0.0
0.0
-0.05629629629629629
-0.5
0.24166666666666667
0.07493055555555556
0.0
-0.05
0.375
-0.10000000000000002
0.7
0.5650000000000001
0.016666666666666663
0.1
-0.2
0.0
0.0
0.0
0.0
0.0
0.0
0.0
0.0
0.0
0.0
0.0
0.0
0.0
0.0
0.0
0.0
0.0
0.0
0.0
0.5666666666666667
0.5
0.0
0.0
0.0
0.0
0.0
0.0
0.0
0.0
0.0
0.0
0.0
0.0
0.0
0.0
0.0
0.0
0.0
0.0
0.0
0.0
0.0
0.0
0.0
0.0
0.0
0.0
0.0
0.0
0.0
0.0
0.0
0.0
0.0
0.0
0.0
0.0
0.0
0.0
0.0
0.0
0.0
0.0
-0.325
-0.8
0.52734375
0.2
0.08333333333333333
0.0
-0.75
0.5
-0.1416666666666667
0.0
0.425
1.0
0.2
0.0
0.35
-0.13333333333333333
0.0
-0.375
-0.6
-0.15555555555555559
0.31547619047619047
0.0
0.0
-1.3877787807814457e-17
0.3571428571428571
0.0
0.0
0.008898309264520204
-0.24090909090909096
0.0
0.0
0.0
-1.0
0.2
0.0
0.17
0.2
0.0
0.0
0.0
0.625
0.0
0.0
0.0
0.2340909090909091
0.7625
0.0
0.0
-0.1
-0.5
0.7500000000000001
-0.09999999999999998
0.2857142857142857
-0.30000000000000004
-0.5
0.0
0.15000000000000002
0.0
-0.4
0.20384615384615384
-0.4625
0.0
-0.875
-0.4
0.25
0.0
0.0
0.44000000000000006
0.0
0.23240740740740742
0.0
-0.3125
0.0
0.34285714285714286
-0.428125
-0.18125
0.39999999999999997
-0.3
0.19166666666666665
-0.35333333333333333
0.0
0.0
0.04722222222222221
0.35
0.2
0.0
0.0
0.0
-0.6999999999999998
0.2333333333333333
0.0
-0.4
-0.175
0.0
-0.325
0.35
0.25
-0.30625
0.0
0.0
-0.06
0.5
-0.06666666666666667
0.39999999999999997
0.02656249999999999
0.0
0.0
-0.0833333333333333
0.5
0.0
0.17045454545454544
0.5
-0.10000000000000002
0.0
0.3666666666666667
-0.0625
0.0
0.0
0.1611979166666667
0.2
-0.22500000000000003
0.0
0.21428571428571427
0.0
0.5
0.0
0.16
0.16026936026936026
-0.175
0.625
-0.8
-0.3357142857142857
0.10283333333333333
0.5
0.5
-0.10499999999999998
0.0
0.38333333333333336
0.0625
0.2
0.0
-0.43333333333333335
0.0
0.16166666666666668
0.0
0.0
0.04999999999999999
-0.45
0.0
-1.0
0.0
-0.9
0.0
-0.5
0.75
0.0
0.024999999999999994
0.0
0.0
0.0
0.13636363636363635
-0.5
0.0
-0.1
0.28750000000000003
0.625
0.5875
0.0
0.0
-0.4318181818181818
0.25
-0.1
-0.02500000000000005
0.19166666666666665
0.0
-1.0
0.0
-0.05
-1.0
-0.16903409090909088
0.6
0.0
0.0
0.35
0.0
0.0
0.0
0.25
-0.1625
0.0
0.25
0.0
0.2
-0.016666666666666663
0.15000000000000002
0.07777777777777779
0.2148148148148148
-0.08333333333333333
-0.6
0.0
-0.7
0.3666666666666667
-0.19999999999999998
0.0
0.23273809523809522
0.0
0.5
0.40714285714285714
0.4875
0.0
-0.19444444444444448
0.2556818181818182
-0.19444444444444448
0.0
-0.25
0.16
0.0
0.26666666666666666
0.2222222222222222
0.25
0.0
-0.25
0.0
0.0
0.0
-0.4
0.0
0.0
0.0
0.0
0.16666666666666666
-0.6
0.0
0.0
0.0
-0.6999999999999998
0.6
-0.3
0.0
0.0
-0.30000000000000004
0.0
0.5
0.0
-0.6999999999999998
-0.125
-0.625
-0.07777777777777779
0.2
-0.05
0.0
0.0
0.0
-1.0
0.0
0.4
0.0
0.475
0.0
0.0
0.0
0.0
0.0
0.0
0.0
-0.2440340909090909
0.625
0.0
0.0
0.2
0.46666666666666673
0.0
0.0
0.16666666666666669
0.0
0.0
0.0
0.4
0.0
-0.1
0.2333333333333333
-0.26666666666666666
0.0
0.0
0.5
0.6
-0.21666666666666665
0.22857142857142856
-0.3499999999999999
0.0
0.0
0.0
0.0
-1.0
0.2
0.0
0.2333333333333333
0.5
0.0
0.13636363636363635
0.0
-0.25
-0.5208333333333333
0.25
0.0
-0.8
-0.07142857142857142
-0.125
0.0
0.0
0.3
0.18333333333333335
-0.3125
0.40714285714285714
-0.5
0.0
0.0
0.0
0.0
-0.016666666666666663
-0.125
0.8
0.16666666666666666
-0.5
0.09333333333333332
0.0
0.11666666666666668
0.1
0.0
-0.20000000000000004
0.0
0.40714285714285714
-0.1875
0.14727272727272728
0.3181818181818182
-0.125
0.0
0.8
0.1778409090909091
0.16666666666666666
-0.03787878787878788
-0.05000000000000001
-0.10307539682539686
0.0
-0.125
-0.15
0.04999999999999999
0.0
0.35
0.2
0.0
0.0
0.2125
-0.1875
-0.4
-0.625
0.3642451298701298
-0.16666666666666666
-0.4
0.25
0.0
0.075
0.25
-0.21936026936026934
0.14583333333333334
0.27499999999999997
0.0
0.15625
0.13636363636363635
-0.2177272727272727
0.0
0.35
-0.39999999999999997
0.0
0.0
0.0
0.0
0.0
0.0
0.0
0.0
0.13636363636363635
0.1515151515151515
-0.4
-0.003246753246753248
0.8
0.2
0.0
0.14148148148148149
-0.033333333333333326
0.05714285714285713
0.0
-1.0
0.13636363636363635
0.2
0.0
0.0
0.0
-0.19444444444444448
0.26666666666666666
-0.625
0.0
0.0
0.0
0.0
0.0
-0.8
0.6
0.13333333333333333
0.0
-0.1277777777777778
-0.125
0.1953125
0.13636363636363635
0.2672727272727272
-0.10714285714285715
0.13636363636363635
-0.6875
0.0
0.0
-0.16903409090909088
0.0
-0.5
0.0
0.0
0.0
-0.3333333333333333
0.13636363636363635
0.0
0.0
0.35
-0.25
-0.45028935185185187
0.1
0.2
0.0
0.0
0.0
-0.19047619047619044
-1.0
-0.5
0.0
0.29107142857142854
-0.13333333333333333
0.2857142857142857
0.2
0.5
0.0
0.8
0.0
0.0
-1.0
-0.9
-0.03333333333333335
0.26666666666666666
-0.125
0.0
0.6083333333333334
0.31666666666666665
0.06666666666666667
-0.19999999999999998
-0.19999999999999998
0.5375
-0.15555555555555559
0.40714285714285714
0.1325
0.0
-0.06666666666666665
0.0
0.13636363636363635
-0.25
-0.02121212121212122
0.4166666666666667
0.0
0.35
0.0
0.0
0.0
0.16
0.0
0.39166666666666666
0.0
0.0
-0.65
0.45
0.0
0.0
-0.2
0.0
-0.175
0.16
-0.15833333333333333
0.2857142857142857
0.5906250000000001
0.1
0.0
1.0
1.0
-0.1703125
-0.031111111111111117
0.0
-0.15624999999999994
-0.2333333333333333
-0.31
-0.17747395833333335
0.2
-0.08750000000000002
0.0
-0.19444444444444448
0.0
0.0
0.0
0.25
-0.3
-0.15277777777777776
0.0
0.0
0.0
0.1
0.0
0.0
0.0
-0.3499999999999999
0.0
-0.5
1.0
0.0
-0.05648148148148149
0.0
0.5681818181818181
0.0
0.0
0.5
0.2857142857142857
0.0
0.16
-0.14285714285714285
0.0
0.0
0.5
0.024074074074074064
0.0
0.0
0.0
0.0
0.0
0.0
0.0
0.3111111111111111
0.0
0.0
0.0
0.4166666666666667
0.0
0.0
0.35
-1.0
0.0
0.0
-0.5
0.0
0.0
0.0
-0.15
-0.3499999999999999
0.0
0.0
-0.15555555555555559
0.0
0.0
-0.16666666666666666
0.13636363636363635
0.0
-0.125
-0.16666666666666666
0.5
0.0
0.0
-0.3107142857142857
0.0
0.0
0.0
0.13636363636363635
0.2
0.0
0.0
0.5
0.0
0.5
0.0
0.5
-0.19444444444444448
-0.024999999999999994
1.0
0.0
0.0
0.1875
0.0
-0.16666666666666666
0.0
0.26
0.0
0.0
0.0
-0.13055555555555554
0.04999999999999999
0.4
0.0
0.0
0.6
0.0
-1.0
0.8
-0.4
0.0
0.38
0.6
0.3111111111111111
-0.5604166666666667
-0.29765625
0.10666666666666666
0.0
-0.21272727272727274
0.8
0.0
0.04545454545454545
0.2
0.3035714285714286
0.0
0.0
0.0
0.7375
0.78125
0.0
0.2
0.0
0.43333333333333335
0.125
0.475
0.41111111111111104
-0.24583333333333335
0.5
-0.2
0.0
0.0
0.0
0.16
0.275
0.55
-0.14285714285714285
0.25
-0.6
-0.7
0.0
-0.1
0.0
0.2
0.16
0.0
0.0
-0.375
0.15
0.0
0.0
0.025
0.16
0.0
0.0
-0.4
0.0
0.0
0.0111111111111111
-0.3499999999999999
-0.05833333333333332
0.18333333333333335
0.125
0.075
0.390625
0.47500000000000003
0.2333333333333333
0.2333333333333333
0.2333333333333333
0.375
0.25
0.14285714285714285
0.7375
0.0
0.0
-0.3375
0.26666666666666666
-0.2888888888888889
0.0
-0.08
0.0
0.0
0.17045454545454544
0.0888888888888889
-0.10416666666666667
-0.8571428571428572
0.0
-0.20052083333333334
0.0
0.25
-0.019999999999999997
0.0
-0.3499999999999999
0.0
0.2
0.3
0.0
0.08484848484848484
0.0
-0.11000000000000001
0.19999999999999998
0.3333333333333333
-0.3499999999999999
0.0
-0.25
0.0
-0.2333333333333333
0.0
0.16
0.0
0.0
0.0
0.0
0.30000000000000004
0.0
0.008333333333333333
0.003703703703703709
0.1
-0.11666666666666665
0.25
0.0
0.5
-0.8
0.0
-0.008333333333333331
-0.3499999999999999
0.41666666666666663
0.25
-0.033333333333333326
0.0
-0.5
0.0
0.0
0.5
-0.15555555555555559
-0.16666666666666666
-0.3499999999999999
-0.006249999999999999
0.0
0.5
0.26666666666666666
0.64
-0.14583333333333331
0.0
-0.15555555555555559
0.0
0.1875
0.0
0.3833333333333333
0.0
-0.45999999999999996
0.0
-0.06979166666666667
-0.04642857142857144
-0.6
-0.6
0.5
-0.46875
0.16666666666666666
-0.4
0.26666666666666666
0.0
0.0
-0.008333333333333331
0.2556818181818182
0.0
0.0
0.2
-0.125
0.0
-0.05333333333333332
0.15
0.0
-0.04999999999999999
0.15
0.12000000000000002
0.26666666666666666
0.25
0.0
0.0
0.15
0.0
-0.4
0.0
0.16666666666666669
0.4
0.16761363636363635
0.46875
0.22499999999999998
0.11000000000000003
0.0
0.0
-0.8666666666666667
0.0
0.1090909090909091
0.3083333333333333
0.25
0.0
0.16
0.16
0.375
0.0
-0.4
0.26666666666666666
0.18
0.0
0.0
0.0
0.6
0.0
-0.7
0.25
0.17222222222222222
0.17222222222222222
0.17222222222222222
0.0
0.0
0.16
0.0
-0.2125
0.40714285714285714
-0.3416666666666667
0.24
0.5
0.5
0.25
0.38
0.5
0.0
0.0
0.0
-1.0
0.07499999999999998
-0.7
0.26
0.25
-0.3499999999999999
0.0
0.38
-0.30000000000000004
-0.45
-0.30000000000000004
0.0
0.0
0.0
0.0
0.0
-0.08333333333333333
0.0
-0.6
0.0
-1.0
0.0
-0.4
0.0
0.17045454545454544
-0.2
0.0
0.35833333333333334
-0.3499999999999999
-0.22499999999999998
-0.3499999999999999
0.25
0.38
0.28409090909090906
0.0
0.0
0.0
0.16
-0.4
0.18977272727272726
0.1
0.0
0.0
-0.016666666666666663
0.0
0.038888888888888896
0.0
-0.15
0.0
0.3333333333333333
0.5
0.3333333333333333
-0.03465909090909092
0.0
0.175
-0.10185185185185186
0.0
0.0
-1.0
-1.0
0.0
0.0
0.19999999999999998
0.25
-0.6
0.0
0.0
-0.35
-0.2
0.5
0.0
0.050000000000000044
0.0
-0.19444444444444448
0.0
0.0
0.0
0.0
0.0
0.0
0.6
0.0
0.0
0.0
0.0
0.08484848484848484
0.5166666666666666
0.0
0.19814814814814816
0.0
0.34545454545454546
0.0
0.0
0.05000000000000001
0.0
0.0
0.0
0.0
0.0
0.0
-0.0625
0.0
0.25
-0.05000000000000001
1.0
0.0
0.0
-0.2
-0.175
0.0
0.0
0.3666666666666667
-0.14022727272727273
0.5
-1.0
0.5
0.0
0.12857142857142856
0.05656565656565656
0.0
0.0
0.3499999999999999
0.40714285714285714
0.0
0.0
0.0
0.25
-1.0
0.40714285714285714
0.007142857142857131
0.0
0.3666666666666667
0.0
-0.08333333333333333
0.29500000000000004
0.0
0.0
0.7
-0.4
0.007397959183673475
0.14285714285714285
-0.19895833333333332
-0.23020833333333332
-1.0
0.05833333333333334
0.0
0.5
0.4
-0.6
0.0
-0.4
0.5
-0.5
0.0
0.0
0.0
0.0
0.0
0.0
0.0
